5.0 0.0000000052498862	0.0000000000000000	-0.0257372964457274
6.0 0.0000010625068245	0.0000000000000000	-0.0524104706243843
7.0 0.0000502437520257	0.0000000000000000	-0.0956604312332168
8.0 0.0009503936212450	0.0000000000000000	-0.1613130276684719
9.0 0.0097107646918090	0.0000000000000000	-0.2562834012663474
10.0 0.0642457227960642	0.0000000000000000	-0.3887544764010610
11.0 0.3090604145169748	0.0000000000000000	-0.5683944564319773
12.0 1.1684604786688990	0.0000000000000000	-0.8066098490852177
13.0 3.6648679257128083	0.0000000000000000	-1.1168300414495878
14.0 9.9141314893979366	0.0000000000000000	-1.5148188882963964
15.0 23.8038565984413850	0.0000000000000000	-2.0190081637924200
16.0 51.8345733316226571	0.0000000000000000	-2.6508470502519557
17.0 104.0842393985407597	0.0000000000000000	-3.4351610921948983
18.0 191.8761207120737424	0.0000000000000000	-4.4005132228525019
19.0 448.6764628482478088	0.0000000000000000	-5.5795585659187781
20.0 832.9758766345851200	0.0000000000000000	-7.0093837195577597
21.0 1381.8402553301791613	0.0000000000000000	-8.7318201333881671
22.0 2138.6383409982877311	0.0000000000000003	-10.7937199824003720
23.0 3153.5453643554724295	0.0000000000000115	-13.2471816135232103
24.0 4484.0467710673219699	0.0000000000002792	-16.1497101787321142
25.0 6195.4410074210072708	0.0000000000047367	-19.5642974598135915
26.0 8361.3403522642602184	0.0000000000592626	-23.5594031194347409
27.0 11064.1687944514178525	0.0000000005713790	-28.2088176647447355
28.0 14395.6559672854873497	0.0000000044026705	-33.5913852654031544
29.0 18457.3261647789586277	0.0000000279438350	-39.7905622078558139
30.0 23360.9814799534397025	0.0000001498351625	-46.8937841699575841
31.0 29229.1781236867172993	0.0000006933282456	-54.9916126404537025
32.0 36195.6950045307894470	0.0000028189131285	-64.1766276596058276
33.0 44405.9936761356875650	0.0000102257979041	-74.5420305907681353
34.0 54017.6687900547913159	0.0000335334224215	-86.1799168152016932
35.0 65200.8882283891653060	0.0001005347399484	-99.1791740375758621
36.0 78138.8221335582056781	0.0002782504746717	-113.6229572572497801
37.0 93028.0601020665635588	0.0007169672937226	-129.5856863560114789
38.0 110079.0158660915913060	0.0017325845878170	-147.1295066270976122
39.0 129516.3188516748487018	0.0039519094092653	-166.3001463682599592
40.0 151579.1920759092026856	0.0085561817921068	-187.1220988226121165
41.0 176521.8159284520952497	0.0176710909893110	-209.5930482075071097
42.0 204613.6774756547238212	0.0349667317155062	-233.6774512488444486
43.0 236139.9050292956235353	0.0665481285298234	-259.2991764527080818
44.0 271401.5878371041617356	0.1222358654221649	-286.3330932055249605
45.0 310716.0808797098579817	0.2173567512250936	-314.5954915950620148
46.0 354417.2948991698212922	0.3751861486034769	-343.8332014729278967
47.0 402855.9719386210781522	0.6302065132837663	-373.7112656073371113
48.0 456399.9468417309690267	1.0323708673788623	-403.7990066605293009
49.0 515434.3953453247668222	1.6525855250279724	-433.5543110101851312
50.0 580362.0695997511502355	2.5896536737797735	-462.3059339417856677
51.0 651603.5221700784750283	3.9789507645789222	-489.2336102722720170
52.0 729597.3198080274742097	6.0031345314388371	-513.3457318047405806
53.0 814800.2485404835315421	8.9052273660844872	-533.4543279137996024
54.0 907687.5118964596185833	13.0044472765589827	-548.1470577475211030
55.0 1008752.9243913331301883	18.7152063592677145	-555.7558916982263781
56.0 1118509.1027058763429523	26.5697432337221606	-554.3221255978085082
57.0 1237487.6573390578851104	37.2449088717550723	-541.5573331512125606
58.0 1366239.3878782237879932	51.5936843616196512	-514.7998200039329504
59.0 1505334.4854192552156746	70.6820750674972089	-470.9660960673115824
60.0 1655362.7460828670300543	95.8320990877543721	-406.4968307590467589
61.0 1816933.8000121414661407	128.6716696231918036	-317.2966980542318538
62.0 1990677.3607011511921883	171.1922616189458495	-198.6674540079846452
63.0 2177243.4999951547943056	225.8153536631349141	-45.2335179451818590
64.0 2377302.9546198728494346	295.4687474830386122	149.1407510323589918
65.0 2591547.4706403389573097	383.6739904006107054	391.4429791530374700
66.0 2820690.1928189168684185	494.6462617764029233	689.6149003165689919
67.0 3065466.1064363066107035	633.4082338283518538	1052.6657812888686294
68.0 3326632.5397586193867028	805.9195813655829852	1490.7983780299744012
69.0 3604969.7359759369865060	1019.2239950961446766	2015.5487882788133902
70.0 3901281.5041026631370187	1281.6157504806035377	2639.9417182434467577
71.0 4216395.9590148888528347	1602.8280998966315565	3378.6628517809331242
72.0 4551166.3615030581131577	1994.2459914889816446	4248.2502009367281062
73.0 4906472.0699365008622408	2469.1458748813538477	5267.3065295847763991
74.0 5283219.6158668221905828	3042.9656333261314103	6456.7351798675572354
75.0 5682343.9166356958448887	3733.6079852806492454	7840.0018972545185534
76.0 6104809.6387947471812367	4561.7810272296419498	9443.4255477264105139
77.0 6551612.7268864130601287	5551.3799451906579634	11296.5009537112855469
78.0 7023782.1128679169341922	6729.9143060385695208	13432.2574482550280663
79.0 7522381.6221805932000279	8128.9857527509857391	15887.6571643453116849
80.0 8048512.0931653138250113	9784.8213709288575046	18704.0375437124894233
81.0 8603313.7271932773292065	11738.8684682838375011	21927.6030728917212400
82.0 9187968.6875123940408230	14038.4570147076374269	25609.9718405438325135
83.0 9803703.9653898440301418	16737.5365281688282266	29808.7831665670128132
84.0 10451794.5326541885733604	19897.4947606563655427	34588.3732887041478534
85.0 11133566.8001887667924166	23588.0661377406031534	40020.5269154194975272
86.0 11850402.4022941235452890	27888.3385333454571082	46185.3133750280248933
87.0 12603742.3271025605499744	32887.8676154105050955	53172.0171215622904128
88.0 13395091.4133815187960863	38687.9086745730091934	61080.1735100305959349
89.0 14226023.2340850401669741	45402.7765418217604747	70020.7220407450658968
90.0 15098185.3868915271013975	53161.3449057318066480	80117.2907087094208691
91.0 16013305.2116804923862219	62108.6970470345695503	91507.6266948282136582
92.0 16973195.9544352404773235	72407.9407074501796160	104345.1904170289344620
93.0 17979763.3963956944644451	84242.2004879938322119	118800.9319374264596263
94.0 19035012.9664013460278511	97816.8018136333703296	135065.2709133839234710
95.0 20141057.3532495871186256	113361.6610872601595474	153350.3037008431856520
96.0 21300124.6335214041173458	131133.8971638416696806	173892.2638821519212797
97.0 22514566.9286831542849541	151420.6796786314516794	196954.2654090215219185
98.0 23786869.6033409237861633	174542.3300301550189033	222829.3607298490533140
99.0 25119661.0142856501042843	200855.6909130449348595	251843.9497090331278741
100.0 26515722.8174114078283310	230757.7801758683344815	284361.5788304401212372
101.0 27978000.8366988971829414	264689.7443971512257122	320787.1740816062083468
102.0 29509616.4962294176220894	303141.1268748887814581	361571.7549858444835991
103.0 31113878.8126132078468800	346654.4636504188529216	407217.6814084704383276
104.0 32794296.9412892609834671	395830.2196695116581395	458284.4888822009088472
105.0 34554593.2658713087439537	451332.0751481846091338	515395.3720971885486506
106.0 36398717.0150903910398483	513892.5695781962131150	579244.3796187252737582
107.0 38330858.3869207799434662	584319.1074919786769897	650604.3854695437476039
108.0 40355463.1541985124349594	663500.3260190560249612	730335.9044332574121654
109.0 42477247.7204619944095612	752412.8193130781874061	819396.8171168041881174
110.0 44701214.5889000594615936	852128.2090171927120537	918853.0670113316737115
111.0 47032668.2012161612510681	963820.5429746380541474	1029890.3837636881507933
112.0 49477231.0969515144824982	1088773.9962964404840022	1153827.0729349034372717
113.0 52040860.3374038338661194	1228390.8395950575359166	1292127.8904689159244299
114.0 54729864.1318016201257706	1384199.6286246059462428	1446418.9870017147623003
115.0 57550918.5968905836343765	1557863.5577013690490276	1618503.8592182490974665
116.0 60511084.5746633931994438	1751188.9061106373555958	1810380.1777653412427753
117.0 63617824.4266632050275803	1966133.4922763449139893	2024257.2674715376924723
118.0 66879018.7172353193163872	2204815.0348679856397212	2262573.8877297537401319
119.0 70302982.6923566609621048	2469519.3033961248584092	2528015.7888937462121248
120.0 73898482.4553564339876175	2762707.9234275501221418	2823532.2919961106963456
121.0 77674750.7360465973615646	3087025.6836419790051877	3152350.8391909571364522
122.0 81641502.1456047296524048	3445307.1739569026976824	3517988.0738366013392806
123.0 85808947.8061255961656570	3840582.5663715298287570	3924255.5128310541622341
124.0 90187809.2411433011293411	4276082.3336402531713247	4375257.2503783134743571
125.0 94789331.4117693156003952	4755240.6861073467880487	4875376.3649205369874835
126.0 99625294.7824477255344391	5281697.4948528800159693	5429245.7807355029508471
127.0 104708026.3008155375719070	5859298.4606484603136778	6041698.2713052183389664
128.0 110050409.1778273135423660	6492093.2841139324009418	6717689.1231371806934476
129.0 115665891.3572455346584320	7184331.5939681492745876	7462183.8005856182426214
130.0 121568492.5678402632474899	7940456.3984571825712919	8280001.9433784279972315
131.0 127772809.8572414070367813	8765094.8409649562090635	9175608.4945523981004953
132.0 134294021.5133297443389893	9663046.0654091350734234	10152843.1772921849042177
133.0 141147889.2873723506927490	10639266.0310767516493797	11214581.6141361687332392
134.0 148350758.8427332937717438	11698849.1605900563299656	12362326.0498159155249596
135.0 155919558.3639110922813416	12847006.7589146997779608	13595732.0247918553650379
136.0 163871795.2727683186531067	14089042.2055203765630722	14912090.5742563083767891
137.0 172225551.0120418965816498	15430322.9952833838760853	16305804.2925990521907806
138.0 180999473.8704397976398468	16876249.7852414399385452	17767919.4514728076756001
139.0 190212769.8386705815792084	18432222.6920500583946705	19285802.6378146074712276
140.0 199885191.5015047788619995	20103605.1765345744788647	20843073.1372273191809654
141.0 210037024.9871782660484314	21895685.9441106431186199	22419911.7029358744621277
142.0 220689075.0119926929473877	23813639.3796020820736885	23993849.7191296406090260
143.0 231862648.0745841264724731	25862485.1182969734072685	25541088.2204249873757362
144.0 243579533.8708113431930542	28047047.4279293715953827	27038299.5192065164446831
145.0 255861985.0163621306419373	30371915.1346387080848217	28464736.6753312125802040
146.0 268732695.1797022223472595	32841402.8660654723644257	29804349.3239256814122200
147.0 282214775.7427670955657959	35459514.4033043608069420	31047525.2235455624759197
148.0 296331731.1204761862754822	38229908.9279070496559143	32192089.9504289776086807
149.0 311107432.8826967477798462	41155870.9189227968454361	33243320.5437765680253506
150.0 326566092.8333461284637451	44240284.3976451903581619	34212937.2338708266615868
151.0 342732235.2108584046363831	47485612.1351207494735718	35117266.0511600151658058
152.0 359630668.1820559501647949	50893880.3316894248127937	35974937.7588098570704460
153.0 377286454.8074203133583069	54466669.1522394195199013	36804552.5249181762337685
154.0 395724883.6599010825157166	58205109.3599473834037781	37622687.9788931310176849
155.0 414971439.2814154028892517	62109885.1404011845588684	38442495.8951013758778572
156.0 435051772.6614291667938232	66181243.0531183779239655	39272974.1673190370202065
157.0 455991671.9200867414474487	70419006.8947750180959702	40118864.2156784608960152
158.0 477817033.3746526241302490	74822598.1140376776456833	40981036.1817634403705597
159.0 500553833.1623821258544922	79391061.2873547971248627	41857189.2110795974731445
160.0 524228099.5855903029441833	84123094.0532524287700653	42742700.6060868129134178
161.0 548865886.3357169628143311	89017080.8133806437253952	43631488.9492081552743912
162.0 574493246.7427556514739990	94071129.4443444609642029	44516797.1160843223333359
163.0 601136209.1846545934677124	99283110.2264918982982635	45391840.6972233429551125
164.0 628820753.7785104513168335	104650696.1842944324016571	46250299.9103231430053711
165.0 657572790.4616229534149170	110171404.0464811027050018	47086656.6091211885213852
166.0 687418138.5560609102249146	115842635.0703879296779633	47896392.8305477350950241
167.0 718382507.8954720497131348	121661715.0309123545885086	48676075.0022053346037865
168.0 750491481.5777299404144287	127625932.7462877631187439	49423350.3294277861714363
169.0 783770500.3916913270950317	133732576.5965509265661240	50136880.7834761962294579
170.0 818244848.9513136148452759	139978968.5819129645824432	50816236.9860945045948029
171.0 853939643.5554732084274292	146362495.5632435083389282	51461770.2325623258948326
172.0 890879821.7775993347167969	152880637.4218567907810211	52074476.6796202883124352
173.0 929090133.7754669189453125	159530991.9675063192844391	52655863.8095263540744781
174.0 968595135.2986730337142944	166311296.5093025863170624	53207825.9174278080463409
175.0 1009419182.3591736555099487	173219446.0820821523666382	53732532.6549335345625877
176.0 1051586427.5193583965301514	180253508.3891482651233673	54232332.5854644179344177
177.0 1095120817.7420699596405029	187411735.5803830921649933	54709672.2057261988520622
178.0 1140046093.7380964756011963	194692573.0321764349937439	55167029.8711567297577858
179.0 1186385790.7390208244323730	202094665.3325257599353790	55606863.4277755916118622
180.0 1234163240.6166706085205078	209616859.7015258371829987	56031570.0102842673659325
181.0 1283401575.2650597095489502	217258207.0950460433959961	56443456.3316082209348679
182.0 1334123731.1563940048217773	225017961.2486535310745239	56844717.7977969273924828
183.0 1386352454.9796466827392578	232895575.9208639264106750	57237424.8799985200166702
184.0 1440110310.2679870128631592	240890700.5907284617424011	57623515.3264613151550293
185.0 1495419684.9203426837921143	249003174.8557337820529938	58004790.9716665819287300
186.0 1552302799.5221765041351318	257233021.7630799710750580	58382918.0785457491874695
187.0 1610781716.3712573051452637	265580440.2916362285614014	58759430.3219358026981354
188.0 1670878349.1156513690948486	274045797.1841465830802917	59135733.6808287352323532
189.0 1732614472.9134585857391357	282629618.3103717565536499	59513112.6449383720755577
190.0 1796011735.0264451503753662	291332579.7224838137626648	59892737.2651935294270515
191.0 1861091665.7631912231445312	300155498.5447297692298889	60275670.6790975034236908
192.0 1927875689.6911675930023193	309099323.8205949664115906	60662876.8283310905098915
193.0 1996385137.0411887168884277	318165127.4227704405784607	61055228.1567814946174622
194.0 2066641255.2322707176208496	327354095.1144115328788757	61453513.1333153024315834
195.0 2138665220.4495558738708496	336667517.8346229195594788	61858443.4902923479676247
196.0 2212478149.2127356529235840	346106783.2669414877891541	62270661.1034855619072914
197.0 2288101109.8774428367614746	355673367.7368319034576416	62690744.4677681401371956
198.0 2365555134.0169157981872559	365368828.4728803038597107	63119214.7438348159193993
199.0 2444861227.6362099647521973	375194796.2564152479171753	63556541.3673501536250114
200.0 2526040382.1760802268981934	385152968.4756550192832947	64003147.2237792313098907
201.0 2609113585.2685170173645020	395245102.5930811166763306	64459413.4003335088491440
202.0 2694101831.2103271484375000	405473010.0284871459007263	64925683.5326820313930511
203.0 2781026131.1257600784301758	415838550.4549403786659241	65402267.7677051126956940
204.0 2869907522.7933979034423828	426343626.5006243586540222	65889446.3657671660184860
205.0 2960767080.1164379119873047	436990178.8461024761199951	66387472.9672748520970345
206.0 3053625922.2196140289306641	447780181.7038426399230957	66896577.5483878627419472
207.0 3148505222.1590976715087891	458715638.6648038029670715	67416969.0905448794364929
208.0 3245426215.2354044914245605	469798578.8953849077224731	67948837.9874891340732574
209.0 3344410206.9024634361267090	481031053.6670256257057190	68492358.2125200629234314
210.0 3445478580.2683467864990234	492415133.2001352310180664	69047689.2673375010490417
211.0 3548652803.1862945556640625	503952903.8037435412406921	69614977.9325460791587830
212.0 3653954434.9366860389709473	515646465.2922666668891907	70194359.8382845968008041
213.0 3761405132.5027155876159668	527497928.6610099673271179	70785960.8722677677869797
214.0 3871026656.4446449279785156	539509414.0024229288101196	71389898.4408896863460541
215.0 3982840876.3787274360656738	551683048.6456713676452637	72006282.5979068279266357
216.0 4096869776.0688815116882324	564020965.5027338266372681	72635217.0537943840026855
217.0 4213135458.1399731636047363	576525301.6049621105194092	73276800.0777323246002197
218.0 4331660148.4229040145874023	589198196.8148189783096313	73931125.3031755536794662
219.0 4452466199.9425668716430664	602041792.6983176469802856	74598282.4466447830200195
220.0 4575576096.5604066848754883	615058231.5445220470428467	75278357.9488435238599777
221.0 4701012456.2838582992553711	628249655.5192909240722656	75971435.5459425598382950
222.0 4828798034.2557344436645508	641618205.9412720203399658	76677596.7783108800649643
223.0 4958955725.4363698959350586	655166022.6689633131027222	77396921.4432181417942047
224.0 5091508566.9922227859497070	668895243.5884354114532471	78129487.9973454177379608
225.0 5226479740.4042377471923828	682808004.1920633316040039	78875373.9143062084913254
226.0 5363892573.3095922470092773	696906437.2393367290496826	79634656.0019891560077667
227.0 5503770541.0903224945068359	711192672.4915089607238770	80407410.6838666796684265
228.0 5646137268.2221250534057617	725668836.5124868154525757	81193714.2481561303138733
229.0 5791016529.3966598510742188	740337052.5289852619171143	81993643.0681691169738770
230.0 5938432250.4302577972412109	755199440.3435381650924683	82807273.7969356924295425
231.0 6088408508.9716224670410156	770258116.2945086956024170	83634683.5388602465391159
232.0 6240969535.0211429595947266	785515193.2577301263809204	84475950.0008362233638763
233.0 6396139711.2735795974731445	800972780.6848911046981812	85331151.6250225901603699
234.0 6553943573.2959861755371094	816632984.6742104291915894	86200367.7052581906318665
235.0 6714405809.5519924163818359	832497908.0693442821502686	87083678.4888651072978973
236.0 6877551261.2833366394042969	848569650.5828472375869751	87981165.2654655128717422
237.0 7043404922.2591152191162109	864850308.9408582448959351	88892910.4441417604684830
238.0 7211991938.4026756286621094	881341977.0459837913513184	89818997.6202875822782516
239.0 7383337607.3057298660278320	898046746.1556591987609863	90759511.6332560032606125
240.0 7557467377.6389055252075195	914966705.0735243558883667	91714538.6157905608415604
241.0 7734406848.4672975540161133	932103940.3516030311584473	92684166.0361773818731308
242.0 7914181768.4793071746826172	949460536.5012983083724976	93668482.7339529544115067
243.0 8096818035.1366949081420898	967038576.2114150524139404	94667578.9498440325260162
244.0 8282341693.7532205581665039	984840140.5716212987899780	95681546.3506127446889877
245.0 8470778936.5088424682617188	1002867309.2999165058135986	96710478.0494159907102585
246.0 8662156101.4062175750732422	1021122160.9728456735610962	97754468.6221505552530289
247.0 8856499671.1755180358886719	1039606773.2573249340057373	98813614.1202948987483978
248.0 9053836272.1337184906005859	1058323223.1430864334106445	99888012.0806421339511871
249.0 9254192673.0037136077880859	1077273587.1748604774475098	100977761.5322995185852051
250.0 9457595783.6982860565185547	1096459941.6835165023803711	102082963.0012923032045364
251.0 9664072654.0740871429443359	1115884363.0154912471771240	103203718.5130599141120911
252.0 9873650472.6597557067871094	1135548927.7599058151245117	104340131.5931430906057358
253.0 10086356565.3627338409423828	1155455712.9728665351867676	105492307.2662311941385269
254.0 10302218394.1584377288818359	1175606796.3984973430633545	106660352.0538776963949203
255.0 10521263555.7655391693115234	1196004256.6863396167755127	107844373.9709800779819489
256.0 10743519780.3106594085693359	1216650173.6047871112823486	109044482.5212417393922806
257.0 10969014929.9857196807861328	1237546628.2502939701080322	110260788.6917892396450043
258.0 11197776997.7006473541259766	1258695703.2521369457244873	111493404.9470094740390778
259.0 11429834105.7342967987060547	1280099482.9725420475006104	112742445.2217703461647034
260.0 11665214504.3858528137207031	1301760053.7020449638366699	114008024.9141542166471481
261.0 11903946570.6290988922119141	1323679503.8499665260314941	115290260.8777329027652740
262.0 12146058806.7715549468994141	1345859924.1299300193786621	116589271.4135254174470901
263.0 12391579839.1202678680419922	1368303407.7403638362884521	117905176.2616809606552124
264.0 12640538416.6562423706054688	1391012050.5399599075317383	119238096.5929727852344513
265.0 12892963409.7187309265136719	1413987951.2180798053741455	120588155.0001296848058701
266.0 13148883808.7010307312011719	1437233211.4601225852966309	121955475.4890985488891602
267.0 13408328722.7589321136474609	1460749936.1078674793243408	123340183.4702473431825638
268.0 13671327378.5331134796142578	1484540233.3148453235626221	124742405.7495561540126801
269.0 13937909118.8862838745117188	1508606214.6967809200286865	126162270.5198538154363632
270.0 14208103401.6562042236328125	1532949995.4771726131439209	127599907.3520853817462921
271.0 14481939798.4251976013183594	1557573694.6280808448791504	129055447.1866907775402069
272.0 14759447993.3071441650390625	1582479435.0062012672424316	130529022.3250534236431122
273.0 15040657781.7521858215332031	1607669343.4843163490295410	132020766.4211110919713974
274.0 15325599069.3700199127197266	1633145551.0782072544097900	133530814.4730734080076218
275.0 15614301870.7721881866455078	1658910193.0691292285919189	135059302.8153166472911835
276.0 15906796308.4334316253662109	1684965409.1219499111175537	136606369.1104367077350616
277.0 16203112611.5729694366455078	1711313343.3990507125854492	138172152.3414793014526367
278.0 16503281115.0555000305175781	1737956144.6700935363769531	139756792.8043448328971863
279.0 16807332258.3123874664306641	1764895966.4177730083465576	141360432.1004010140895844
280.0 17115296584.2830734252929688	1792134966.9396426677703857	142983213.1292784512042999
281.0 17427204738.3768310546875000	1819675309.4461398124694824	144625280.0818707644939423
282.0 17743087467.4551086425781250	1847519162.1549134254455566	146286778.4335277080535889
283.0 18062975618.8340568542480469	1875668698.3815531730651855	147967854.9374767839908600
284.0 18386900139.3077812194824219	1904126096.6268467903137207	149668657.6184096336364746
285.0 18714892074.1918716430664062	1932893540.6606523990631104	151389335.7663135826587677
286.0 19046982566.3871841430664062	1961973219.6025114059448242	153130039.9304842352867126
287.0 19383202855.4639892578125000	1991367327.9990882873535156	154890921.9137465059757233
288.0 19723584276.7660903930664062	2021078065.8985555171966553	156672134.7668848633766174
289.0 20068158260.5350646972656250	2051107638.9220123291015625	158473832.7832559049129486
290.0 20416956331.0540390014648438	2081458258.3320508003234863	160296171.4936217069625854
291.0 20770010105.8111915588378906	2112132141.0985531806945801	162139307.6611661016941071
292.0 21127351294.6827239990234375	2143131509.9618258476257324	164003399.2766962647438049
293.0 21489011699.1348381042480469	2174458593.4931597709655762	165888605.5540492534637451
294.0 21855023211.4447479248046875	2206115626.1529088020324707	167795086.9256727099418640
295.0 22225417813.9403419494628906	2238104848.3461747169494629	169723005.0383920371532440
296.0 22600227578.2583160400390625	2270428506.4761900901794434	171672522.7493607997894287
297.0 22979484664.6205406188964844	2303088852.9954771995544434	173643804.1221730113029480
298.0 23363221321.1283035278320312	2336088146.4548659324645996	175637014.4231637716293335
299.0 23751469883.0741348266601562	2369428651.5504627227783203	177652320.1178676187992096
300.0 24144262772.2711791992187500	2403112639.1686277389526367	179689888.8676362931728363
301.0 24541632496.3995208740234375	2437142386.4290518760681152	181749889.5264330804347992
302.0 24943611648.3693656921386719	2471520176.7260046005249023	183832492.1377609372138977
303.0 25350232905.7008247375488281	2506248299.7678122520446777	185937867.9317662119865417
304.0 25761529029.9197616577148438	2541329051.6146526336669922	188066189.3224705755710602
305.0 26177532865.9697189331054688	2576764734.7147150039672852	190217629.9051617085933685
306.0 26598277341.6395187377929688	2612557657.9388060569763184	192392364.4539160728454590
307.0 27023795467.0062446594238281	2648710136.6134505271911621	194590568.9192609190940857
308.0 27454120333.8931007385253906	2685224492.5525512695312500	196812420.4259772598743439
309.0 27889285115.3423538208007812	2722103054.0876750946044922	199058097.2710202932357788
310.0 28329323065.1026077270507812	2759348156.0970025062561035	201327778.9215748310089111
311.0 28774267517.1303710937500000	2796962140.0330109596252441	203621646.0132293403148651
312.0 29224151885.1056022644042969	2834947353.9489412307739258	205939880.3482745289802551
313.0 29679009661.9607009887695312	2873306152.5240888595581055	208282664.8941104114055634
314.0 30138874419.4232444763183594	2912040897.0879731178283691	210650183.7817686200141907
315.0 30603779807.5715675354003906	2951153955.6434407234191895	213042622.3045531213283539
316.0 31073759554.4032936096191406	2990647702.8887300491333008	215460166.9167710840702057
317.0 31548847465.4164085388183594	3030524520.2385520935058594	217903005.2325803637504578
318.0 32029077423.2026062011718750	3070786795.8442311286926270	220371326.0249319672584534
319.0 32514483387.0528068542480469	3111436924.6129326820373535	222865319.2246099412441254
320.0 33005099392.5743675231933594	3152477308.2260298728942871	225385175.9193657338619232
321.0 33500959551.3199005126953125	3193910355.1566433906555176	227931088.3531447350978851
322.0 34002098050.4272651672363281	3235738480.6863780021667480	230503249.9254024624824524
323.0 34508549152.2707214355468750	3277964106.9213104248046875	233101855.1905069053173065
324.0 35020347194.1229171752929688	3320589662.8072423934936523	235727099.8572226464748383
325.0 35537526587.8273391723632812	3363617584.1442623138427734	238379180.7882772386074066
326.0 36060121819.4810180664062500	3407050313.6006402969360352	241058296.0000101029872894
327.0 36588167449.1276702880859375	3450890300.7260880470275879	243764644.6620916128158569
328.0 37121698110.4603576660156250	3495140001.9644122123718262	246498427.0973198413848877
329.0 37660748510.5339660644531250	3539801880.6655821800231934	249259844.7814910709857941
330.0 38205353429.4870834350585938	3584878407.0972442626953125	252049100.3433363437652588
331.0 38755547720.2732238769531250	3630372058.4557027816772461	254866397.5645284652709961
332.0 39311366308.4009246826171875	3676285318.8764019012451172	257711941.3797491788864136
333.0 39872844191.6825714111328125	3722620679.4439096450805664	260585937.8768335878849030
334.0 40440016439.9920578002929688	3769380638.2014470100402832	263488594.2969574928283691
335.0 41012918195.0308837890625000	3816567700.1599726676940918	266420119.0348997712135315
336.0 41591584670.1020507812500000	3864184377.3068447113037109	269380721.6393543481826782
337.0 42176051149.8925399780273438	3912233188.6140742301940918	272370612.8133048415184021
338.0 42766352990.2630767822265625	3960716660.0462059974670410	275390004.4144467711448669
339.0 43362525618.0462265014648438	4009637324.5678114891052246	278439109.4556705951690674
340.0 43964604530.8511199951171875	4058997722.1506505012512207	281518142.1055861711502075
341.0 44572625296.8763732910156250	4108800399.7804846763610840	284627317.6891101598739624
342.0 45186623554.7292861938476562	4159047911.4635725021362305	287766852.6880867481231689
343.0 45806635013.2528533935546875	4209742818.2328667640686035	290936964.7419680356979370
344.0 46432695451.3587265014648438	4260887688.1539058685302734	294137872.6485313773155212
345.0 47064840717.8674774169921875	4312485096.3304424285888672	297369796.3646484613418579
346.0 47703106731.3550415039062500	4364537624.9097995758056641	300632957.0070877671241760
347.0 48347529480.0055084228515625	4417047863.0879688262939453	303927576.8533652424812317
348.0 48998145021.4700775146484375	4470018407.1144752502441406	307253879.3426334857940674
349.0 49654989482.7320632934570312	4523451860.2970094680786133	310612089.0766081213951111
350.0 50318099059.9778289794921875	4577350833.0058393478393555	314002431.8205402493476868
351.0 50987510018.4733581542968750	4631717942.6780090332031250	317425134.5042074918746948
352.0 51663258692.4464340209960938	4686555813.8213500976562500	320880425.2229605317115784
353.0 52345381484.9743881225585938	4741867078.0182819366455078	324368533.2387913465499878
354.0 53033914867.8770523071289062	4797654373.9294519424438477	327889688.9814446568489075
355.0 53728895381.6150283813476562	4853920347.2971897125244141	331444124.0495456457138062
356.0 54430359635.1926956176757812	4910667650.9488058090209961	335032071.2117822170257568
357.0 55138344306.0667266845703125	4967898944.7997188568115234	338653764.4080947041511536
358.0 55852886140.0589675903320312	5025616895.8564481735229492	342309438.7509124279022217
359.0 56574021951.2740325927734375	5083824178.2194547653198242	345999330.5264106988906860
360.0 57301788622.0218505859375000	5142523473.0858478546142578	349723677.1957936882972717
361.0 58036223102.7443542480468750	5201717468.7519750595092773	353482717.3966121673583984
362.0 58777362411.9464340209960938	5261408860.6158580780029297	357276690.9441030025482178
363.0 59525243636.1314849853515625	5321600351.1795425415039062	361105838.8325498700141907
364.0 60279903929.7408676147460938	5382294650.0513238906860352	364970403.2366783022880554
365.0 61041380515.0975570678710938	5443494473.9478569030761719	368870627.5130670666694641
366.0 61809710682.3533859252929688	5505202546.6961870193481445	372806756.2015820145606995
367.0 62584931789.4405136108398438	5567421599.2356548309326172	376779035.0268421173095703
368.0 63367081262.0264663696289062	5630154369.6197404861450195	380787710.8996931314468384
369.0 64156196593.4726333618164062	5693403603.0177927017211914	384833031.9187179803848267
370.0 64952315344.7967224121093750	5757172051.7166891098022461	388915247.3717510104179382
371.0 65755475144.6382141113281250	5821462475.1224203109741211	393034607.7374307513237000
372.0 66565713689.2274169921875000	5886277639.7615814208984375	397191364.6867542862892151
373.0 67383068742.3578338623046875	5951620319.2828111648559570	401385771.0846571326255798
374.0 68207578135.3615341186523438	6017493294.4581480026245117	405618080.9916253089904785
375.0 69039279767.0876312255859375	6083899353.1843290328979492	409888549.6652964353561401
376.0 69878211603.8840942382812500	6150841290.4840240478515625	414197433.5621047616004944
377.0 70724411679.5821380615234375	6218321908.5070075988769531	418544990.3389260768890381
378.0 71577918095.4833526611328125	6286344016.5312843322753906	422931478.8547483682632446
379.0 72438769020.3503875732421875	6354910430.9641389846801758	427357159.1723521947860718
380.0 73307002690.3990783691406250	6424023975.3431720733642578	431822292.5600098371505737
381.0 74182657409.2945709228515625	6493687480.3372526168823242	436327141.4931975603103638
382.0 75065771548.1489562988281250	6563903783.7474298477172852	440871969.6563234329223633
383.0 75956383545.5219726562500000	6634675730.5078268051147461	445457041.9444640278816223
384.0 76854531907.4236297607421875	6706006172.6864633560180664	450082624.4651250243186951
385.0 77760255207.3199920654296875	6777897969.4860477447509766	454748984.5400052666664124
386.0 78673592086.1400299072265625	6850353987.2447366714477539	459456390.7067752480506897
387.0 79594581252.2861785888671875	6923377099.4368581771850586	464205112.7208724617958069
388.0 80523261481.6455383300781250	6996970186.6735944747924805	468995421.5573043227195740
389.0 81459671617.6043548583984375	7071136136.7036294937133789	473827589.4124650955200195
390.0 82403850571.0636901855468750	7145877844.4137744903564453	478701889.7059625983238220
391.0 83355837320.4577178955078125	7221198211.8295736312866211	483618597.0824552774429321
392.0 84315670911.7735900878906250	7297100148.1158409118652344	488577987.4135013818740845
393.0 85283390458.5728302001953125	7373586569.5772237777709961	493580337.7994205355644226
394.0 86259035142.0156250000000000	7450660399.6587028503417969	498625926.5711573362350464
395.0 87242644210.8852691650390625	7528324568.9460792541503906	503715033.2921643257141113
396.0 88234256981.6159057617187500	7606582015.1664485931396484	508847938.7602902054786682
397.0 89233912838.3206787109375000	7685435683.1886310577392578	514024925.0096729993820190
398.0 90241651232.8221893310546875	7764888525.0236072540283203	519246275.3126480579376221
399.0 91257511684.6840667724609375	7844943499.8249111175537109	524512274.1816657781600952
400.0 92281533781.2445068359375000	7925603573.8890190124511719	529823207.3712074160575867
401.0 93313757177.6506805419921875	8006871720.6557149887084961	535179361.8797236680984497
402.0 94354221596.8950653076171875	8088750920.7084341049194336	540581025.9515638351440430
403.0 95402966829.8526000976562500	8171244161.7746038436889648	546028489.0789321660995483
404.0 96460032735.3197479248046875	8254354438.7259521484375000	551522042.0038325786590576
405.0 97525459240.0542602539062500	8338084753.5788211822509766	557061976.7200363874435425
406.0 98599286338.8164672851562500	8422438115.4944410324096680	562648586.4750459194183350
407.0 99681554094.4117736816406250	8507417540.7792205810546875	568282165.7720656394958496
408.0 100772302637.7341003417968750	8593026052.8849964141845703	573963010.3719916343688965
409.0 101871572167.8104858398437500	8679266682.4092941284179688	579691417.2953901290893555
410.0 102979402951.8469390869140625	8766142467.0955562591552734	585467684.8244936466217041
411.0 104095835325.2750701904296875	8853656451.8333892822265625	591292112.5052011013031006
412.0 105220909691.7997741699218750	8941811688.6587505340576172	597165001.1490772962570190
413.0 106354666523.4479980468750000	9030611236.7541923522949219	603086652.8353738784790039
414.0 107497146360.6181030273437500	9120058162.4490337371826172	609057370.9130302667617798
415.0 108648389812.1304016113281250	9210155539.2195587158203125	615077460.0027080774307251
416.0 109808437555.2787475585937500	9300906447.6892070770263672	621147225.9988071918487549
417.0 110977330335.8820495605468750	9392313975.6287250518798828	627266976.0715000629425049
418.0 112155108968.3376007080078125	9484381217.9563503265380859	633437018.6687688827514648
419.0 113341814335.6748352050781250	9577111276.7379684448242188	639657663.5184371471405029
420.0 114537487389.6088409423828125	9670507261.1872539520263672	645929221.6302303075790405
421.0 115742169150.5966186523437500	9764572287.6658153533935547	652252005.2978038787841797
422.0 116955900707.8917846679687500	9859309479.6833496093750000	658626328.1008124351501465
423.0 118178723219.6013641357421875	9954721967.8977470397949219	665052504.9069566726684570
424.0 119410677912.7424468994140625	10050812890.1152496337890625	671530851.8740526437759399
425.0 120651806083.3001098632812500	10147585391.2905387878417969	678061686.4520828723907471
426.0 121902149096.2850952148437500	10245042623.5268783569335938	684645327.3852784633636475
427.0 123161748385.7924194335937500	10343187746.0762138366699219	691282094.7141815423965454
428.0 124430645455.0606079101562500	10442023925.3392677307128906	697972309.7777240276336670
429.0 125708881876.5312500000000000	10541554334.8656673431396484	704716295.2153016328811646
430.0 126996499291.9085235595703125	10641782155.3540096282958984	711514374.9688605070114136
431.0 128293539412.2204284667968750	10742710574.6519870758056641	718366874.2849761247634888
432.0 129600044017.8787994384765625	10844342787.7564468383789062	725274119.7169463634490967
433.0 130916054958.7412719726562500	10946681996.8135013580322266	732236439.1268723011016846
434.0 132241614154.1718139648437500	11049731411.1185951232910156	739254161.6877602338790894
435.0 133576763593.1036376953125000	11153494247.1165847778320312	746327617.8856147527694702
436.0 134921545334.1009521484375000	11257973728.4018135070800781	753457139.5215314626693726
437.0 136276001505.4213562011718750	11363173085.7182044982910156	760643059.7138018608093262
438.0 137640174305.0788269042968750	11469095556.9592914581298828	767885712.9000163078308105
439.0 139014106000.9067382812500000	11575744387.1683120727539062	775185434.8391656875610352
440.0 140397838930.6208496093750000	11683122828.5382671356201172	782542562.6137528419494629
441.0 141791415501.8831481933593750	11791234140.4119949340820312	789957434.6318962574005127
442.0 143194878192.3653564453125000	11900081589.2821922302246094	797430390.6294461488723755
443.0 144608269549.8128967285156250	12009668448.7915077209472656	804961771.6720962524414062
444.0 146031632192.1088256835937500	12119997999.7325820922851562	812551920.1574951410293579
445.0 147465008807.3380432128906250	12231073530.0480995178222656	820201179.8173694610595703
446.0 148908442153.8517150878906250	12342898334.8308429718017578	827909895.7196366786956787
447.0 150361975060.3312683105468750	12455475716.3237342834472656	835678414.2705279588699341
448.0 151825650425.8539428710937500	12568808983.9198913574218750	843507083.2167086601257324
449.0 153299511219.9562988281250000	12682901454.1626701354980469	851396251.6474037170410156
450.0 154783600482.6994628906250000	12797756450.7456893920898438	859346269.9965190887451172
451.0 156277961324.7338867187500000	12913377304.5129108428955078	867357490.0447679758071899
452.0 157782636927.3641662597656250	13029767353.4586391448974609	875430264.9218031167984009
453.0 159297670542.6138000488281250	13146929942.7275810241699219	883564949.1083339452743530
454.0 160823105493.2899169921875000	13264868424.6148853302001953	891761898.4382729530334473
455.0 162358985173.0485229492187500	13383586158.5661659240722656	900021470.1008504629135132
456.0 163905353046.4590454101562500	13503086511.1775360107421875	908344022.6427527666091919
457.0 165462252649.0692749023437500	13623372856.1956672668457031	916729915.9702601432800293
458.0 167029727587.4702453613281250	13744448574.5177822113037109	925179511.3513716459274292
459.0 168607821539.3609008789062500	13866317054.1917171478271484	933693171.4179449081420898
460.0 170196578253.6130065917968750	13988981690.4159336090087891	942271260.1678309440612793
461.0 171796041550.3356323242187500	14112445885.5395545959472656	950914142.9670102596282959
462.0 173406255320.9398193359375000	14236713049.0624008178710938	959622186.5517288446426392
463.0 175027263528.2030944824218750	14361786597.6349964141845703	968395759.0306372642517090
464.0 176659110206.3340454101562500	14487669955.0586071014404297	977235229.8869313001632690
465.0 178301839461.0362854003906250	14614366552.2852706909179688	986140969.9804869890213013
466.0 179955495469.5731811523437500	14741879827.4178123474121094	995113351.5499974489212036
467.0 181620122480.8312988281250000	14870213225.7098712921142578	1004152748.2151249647140503
468.0 183295764815.3850097656250000	14999370199.5659275054931641	1013259534.9786307811737061
469.0 184982466865.5601806640625000	15129354208.5413074493408203	1022434088.2285153865814209
470.0 186680273095.4971313476562500	15260168719.3422317504882812	1031676785.7401714324951172
471.0 188389228041.2154846191406250	15391817205.8258113861083984	1040988006.6785119771957397
472.0 190109376310.6764221191406250	15524303149.0000743865966797	1050368131.6001220941543579
473.0 191840762583.8464660644531250	15657630037.0240058898925781	1059817542.4553965330123901
474.0 193583431612.7604064941406250	15791801365.2075252532958984	1069336622.5906879901885986
475.0 195337428221.5838012695312500	15926820636.0115394592285156	1078925756.7504384517669678
476.0 197102797306.6766967773437500	16062691359.0479526519775391	1088585331.0793321132659912
477.0 198879583836.6543884277343750	16199417051.0796699523925781	1098315733.1244432926177979
478.0 200667832852.4514465332031250	16337001236.0206298828125000	1108117351.8373651504516602
479.0 202467589467.3829040527343750	16475447444.9358139038085938	1117990577.5763628482818604
480.0 204278898867.2061462402343750	16614759216.0412483215332031	1127935802.1085124015808105
481.0 206101806310.1825256347656250	16754940094.7040500640869141	1137953418.6118509769439697
482.0 207936357127.1393737792968750	16895993633.4424095153808594	1148043821.6775147914886475
483.0 209782596721.5303039550781250	17037923391.9256343841552734	1158207407.3118786811828613
484.0 211640570569.4968872070312500	17180732936.9741210937500000	1168444572.9387102127075195
485.0 213510324219.9289245605468750	17324425842.5594291687011719	1178755717.4013054370880127
486.0 215391903294.5253295898437500	17469005689.8042221069335938	1189141240.9646337032318115
487.0 217285353487.8540344238281250	17614476066.9823493957519531	1199601545.3174777030944824
488.0 219190720567.4119873046875000	17760840569.5188026428222656	1210137033.5745837688446045
489.0 221108050373.6852722167968750	17908102799.9897613525390625	1220748110.2787983417510986
490.0 223037388820.2080383300781250	18056266368.1226005554199219	1231435181.4032070636749268
491.0 224978781893.6221923828125000	18205334890.7958793640136719	1242198654.3532886505126953
492.0 226932275653.7357788085937500	18355311992.0393791198730469	1253038937.9690463542938232
493.0 228897916233.5825195312500000	18506201303.0341033935546875	1263956442.5271489620208740
494.0 230875749839.4791259765625000	18658006462.1122741699218750	1274951579.7430841922760010
495.0 232865822751.0844421386718750	18810731114.7573738098144531	1286024762.7732839584350586
496.0 234868181321.4564208984375000	18964378913.6041221618652344	1297176406.2172739505767822
497.0 236882871977.1105346679687500	19118953518.4384956359863281	1308406926.1198134422302246
498.0 238909941218.0763244628906250	19274458596.1977615356445312	1319716739.9730272293090820
499.0 240949435617.9545593261718750	19430897820.9704437255859375	1331106266.7185630798339844
500.0 243001401823.9743041992187500	19588274873.9963569641113281	1342575926.7497038841247559
501.0 245065886557.0490417480468750	19746593443.6666221618652344	1354126141.9135279655456543
502.0 247142936611.8325805664062500	19905857225.5236587524414062	1365757335.5130386352539062
503.0 249232598856.7750854492187500	20066069922.2611923217773438	1377469932.3093039989471436
504.0 251334920234.1790466308593750	20227235243.7242698669433594	1389264358.5235879421234131
505.0 253449947760.2534179687500000	20389356906.9092597961425781	1401141041.8394925594329834
506.0 255577728525.1694946289062500	20552438635.9638900756835938	1413100411.4050881862640381
507.0 257718309693.1150207519531250	20716484162.1871910095214844	1425142897.8350601196289062
508.0 259871738502.3486022949218750	20881497224.0295753479003906	1437268933.2128252983093262
509.0 262038062265.2538452148437500	21047481567.0927810668945312	1449478951.0926837921142578
510.0 264217328368.3926086425781250	21214440944.1299324035644531	1461773386.5019419193267822
511.0 266409584272.5588989257812500	21382379115.0455169677734375	1474152675.9430403709411621
512.0 268614877512.8316040039062500	21551299846.8953666687011719	1486617257.3957047462463379
513.0 270833255698.6274414062500000	21721206913.8867454528808594	1499167570.3190577030181885
514.0 273064766513.7526855468750000	21892104097.3782577514648438	1511804055.6537580490112305
515.0 275309457716.4566040039062500	22063995185.8799095153808594	1524527155.8241324424743652
516.0 277567377139.4819335937500000	22236883975.0531272888183594	1537337314.7403020858764648
517.0 279838572690.1171264648437500	22410774267.7107124328613281	1550234977.8003032207489014
518.0 282123092350.2471923828125000	22585669873.8168945312500000	1563220591.8922350406646729
519.0 284420984176.4046020507812500	22761574610.4872932434082031	1576294605.3963687419891357
520.0 286732296299.8201904296875000	22938492301.9889717102050781	1589457468.1872758865356445
521.0 289057076926.4725952148437500	23116426779.7403945922851562	1602709631.6359624862670898
522.0 291395374337.1386718750000000	23295381882.3114700317382812	1616051548.6119923591613770
523.0 293747236887.4430541992187500	23475361455.4235191345214844	1629483673.4855973720550537
524.0 296112713007.9072265625000000	23656369351.9493293762207031	1643006462.1298196315765381
525.0 298491851203.9986572265625000	23838409431.9131011962890625	1656620371.9226202964782715
526.0 300884700056.1787109375000000	24021485562.4905052185058594	1670325861.7490093708038330
527.0 303291308219.9522094726562500	24205601618.0086174011230469	1684123392.0031607151031494
528.0 305711724425.9143676757812500	24390761479.9460258483886719	1698013424.5905330181121826
529.0 308145997479.7984619140625000	24576969036.9327354431152344	1711996422.9299910068511963
530.0 310594176262.5238647460937500	24764228184.7502250671386719	1726072851.9559209346771240
531.0 313056309730.2423095703125000	24952542826.3314476013183594	1740243178.1203515529632568
532.0 315532446914.3849487304687500	25141916871.7608032226562500	1754507869.3950619697570801
533.0 318022636921.7084960937500000	25332354238.2741851806640625	1768867395.2737090587615967
534.0 320526928934.3418579101562500	25523858850.2589454650878906	1783322226.7739324569702148
535.0 323045372209.8308105468750000	25716434639.2539215087890625	1797872836.4394705295562744
536.0 325578016081.1842041015625000	25910085543.9494476318359375	1812519698.3422794342041016
537.0 328124909956.9194946289062500	26104815510.1873245239257812	1827263288.0846309661865234
538.0 330686103321.1058349609375000	26300628490.9608421325683594	1842104082.8012359142303467
539.0 333261645733.4102172851562500	26497528446.4147949218750000	1857042561.1613488197326660
540.0 335851586829.1408691406250000	26695519343.8454551696777344	1872079203.3708794116973877
541.0 338455976319.2908325195312500	26894605157.7006149291992188	1887214491.1744999885559082
542.0 341074863990.5823974609375000	27094789869.5795364379882812	1902448907.8577413558959961
543.0 343708299705.5093383789062500	27296077468.2330093383789062	1917782938.2491202354431152
544.0 346356333402.3800659179687500	27498471949.5633239746093750	1933217068.7222235202789307
545.0 349019015095.3607788085937500	27701977316.6242713928222656	1948751787.1978302001953125
546.0 351696394874.5167236328125000	27906597579.6211433410644531	1964387583.1459953784942627
547.0 354388522905.8549194335937500	28112336755.9107818603515625	1980124947.5881662368774414
548.0 357095449431.3655395507812500	28319198870.0014953613281250	1995964373.0992825031280518
549.0 359817224769.0632324218750000	28527187953.5531463623046875	2011906353.8098630905151367
550.0 362553899313.0281372070312500	28736308045.3770980834960938	2027951385.4081277847290039
551.0 365305523533.4465332031250000	28946563191.4362487792968750	2044099965.1420719623565674
552.0 368072147976.6516723632812500	29157957444.8450012207031250	2060352591.8215737342834473
553.0 370853823265.1629638671875000	29370494865.8693046569824219	2076709765.8204960823059082
554.0 373650600097.7271118164062500	29584179521.9266242980957031	2093171989.0787642002105713
555.0 376462529249.3559570312500000	29799015487.5859489440917969	2109739765.1044826507568359
556.0 379289661571.3676147460937500	30015006844.5678215026855469	2126413598.9760005474090576
557.0 382132047991.4234619140625000	30232157681.7442970275878906	2143193997.3440330028533936
558.0 384989739513.5681762695312500	30450472095.1389617919921875	2160081468.4337234497070312
559.0 387862787218.2670288085937500	30669954187.9269599914550781	2177076522.0467548370361328
560.0 390751242262.4450073242187500	30890608070.4349594116210938	2194179669.5634160041809082
561.0 393655155879.5230712890625000	31112437860.1411666870117188	2211391423.9447236061096191
562.0 396574579379.4569702148437500	31335447681.6753387451171875	2228712299.7344632148742676
563.0 399509564148.7737426757812500	31559641666.8187713623046875	2246142813.0613121986389160
564.0 402460161650.6081542968750000	31785023954.5042991638183594	2263683481.6409001350402832
565.0 405426423424.7399291992187500	32011598690.8163032531738281	2281334824.7779130935668945
566.0 408408401087.6298828125000000	32239370028.9907073974609375	2299097363.3681468963623047
567.0 411406146332.4555664062500000	32468342129.4150123596191406	2316971619.9006142616271973
568.0 414419710929.1475219726562500	32698519159.6282310485839844	2334958118.4596095085144043
569.0 417449146724.4235229492187500	32929905294.3209457397460938	2353057384.7267923355102539
570.0 420494505641.8252563476562500	33162504715.3352890014648438	2371269945.9832668304443359
571.0 423555839681.7519531250000000	33396321611.6649398803710938	2389596331.1116447448730469
572.0 426633200921.4956054687500000	33631360179.4551429748535156	2408037070.5981421470642090
573.0 429726641515.2748413085937500	33867624622.0026779174804688	2426592696.5346336364746094
574.0 432836213694.2692260742187500	34105119149.7559013366699219	2445263742.6207337379455566
575.0 435961969766.6530761718750000	34343847980.3147163391113281	2464050744.1658725738525391
576.0 439103962117.6282348632812500	34583815338.4305801391601562	2482954238.0913524627685547
577.0 442262243209.4579467773437500	34825025456.0065231323242188	2501974762.9324312210083008
578.0 445436865581.4996337890625000	35067482572.0971221923828125	2521112858.8403911590576172
579.0 448627881850.2378540039062500	35311190932.9085235595703125	2540369067.5845823287963867
580.0 451835344709.3152465820312500	35556154791.7984161376953125	2559743932.5545244216918945
581.0 455059306929.5665283203125000	35802378409.2760925292968750	2579237998.7619400024414062
582.0 458299821359.0490112304687500	36049866053.0023498535156250	2598851812.8428378105163574
583.0 461556940923.0749511718750000	36298621997.7896041870117188	2618585923.0595660209655762
584.0 464830718624.2427978515625000	36548650525.6017837524414062	2638440879.3028736114501953
585.0 468121207542.4674072265625000	36799955925.5544433593750000	2658417233.0939726829528809
586.0 471428460835.0117797851562500	37052542493.9146270751953125	2678515537.5865969657897949
587.0 474752531736.5173950195312500	37306414534.1010131835937500	2698736347.5690612792968750
588.0 478093473559.0339965820312500	37561576356.6838226318359375	2719080219.4663090705871582
589.0 481451339692.0507812500000000	37818032279.3848190307617188	2739547711.3419790267944336
590.0 484826183602.5242309570312500	38075786627.0773696899414062	2760139382.9004592895507812
591.0 488218058834.9101562500000000	38334843731.7863922119140625	2780855795.4889240264892578
592.0 491627019011.1907958984375000	38595207932.6883697509765625	2801697512.0994048118591309
593.0 495053117830.9052124023437500	38856883576.1113510131835938	2822665097.3708243370056152
594.0 498496409071.1766967773437500	39119875015.5349807739257812	2843759117.5910663604736328
595.0 501956946586.7436523437500000	39384186611.5904541015625000	2864980140.6989979743957520
596.0 505434784309.9851074218750000	39649822732.0605392456054688	2886328736.2865381240844727
597.0 508929976250.9508056640625000	39916787751.8795471191406250	2907805475.6006970405578613
598.0 512442576497.3881835937500000	40185086053.1333999633789062	2929410931.5456094741821289
599.0 515972639214.7703247070312500	40454722025.0595855712890625	2951145678.6845903396606445
600.0 519520218646.3225097656250000	40725700064.0471496582031250	2973010293.2421832084655762
601.0 523085369113.0506591796875000	40998024573.6367034912109375	2995005353.1061778068542480
602.0 526668145013.7669677734375000	41271699964.5204315185546875	3017131437.8296685218811035
603.0 530268600825.1172485351562500	41546730654.5421066284179688	3039389128.6330890655517578
604.0 533886791101.6073608398437500	41823121068.6970825195312500	3061779008.4062490463256836
605.0 537522770475.6286010742187500	42100875639.1322326660156250	3084301661.7103681564331055
606.0 541176593657.4852294921875000	42379998805.1460571289062500	3106957674.7801055908203125
607.0 544848315435.4181518554687500	42660495013.1885986328125000	3129747635.5256118774414062
608.0 548537990675.6324462890625000	42942368716.8615036010742188	3152672133.5345358848571777
609.0 552245674322.3212890625000000	43225624376.9179306030273438	3175731760.0740814208984375
610.0 555971421397.6915283203125000	43510266461.2626876831054688	3198927108.0930166244506836
611.0 559715287001.9885253906250000	43796299444.9521026611328125	3222258772.2237200736999512
612.0 563477326313.5211181640625000	44083727810.1940841674804688	3245727348.7841844558715820
613.0 567257594588.6850585937500000	44372556046.3481292724609375	3269333435.7800698280334473
614.0 571056147161.9886474609375000	44662788649.9252929687500000	3293077632.9067082405090332
615.0 574873039446.0753173828125000	44954430124.5882186889648438	3316960541.5511412620544434
616.0 578708326931.7478027343750000	45247484981.1510925292968750	3340982764.7941427230834961
617.0 582562065187.9930419921875000	45541957737.5797195434570312	3365144907.4122166633605957
618.0 586434309862.0032958984375000	45837852918.9914474487304688	3389447575.8796429634094238
619.0 590325116679.2014160156250000	46135175057.6551742553710938	3413891378.3704929351806641
620.0 594234541443.2619628906250000	46433928692.9914169311523438	3438476924.7606368064880371
621.0 598162640036.1353759765625000	46734118371.5722656250000000	3463204826.6297640800476074
622.0 602109468418.0701904296875000	47035748647.1213073730468750	3488075697.2633991241455078
623.0 606075082627.6346435546875000	47338824080.5138168334960938	3513090151.6549215316772461
624.0 610059538781.7398681640625000	47643349239.7765426635742188	3538248806.5075674057006836
625.0 614062893075.6608886718750000	47949328700.0878448486328125	3563552280.2364454269409180
626.0 618085201783.0595703125000000	48256767043.7776565551757812	3589001192.9705519676208496
627.0 622126521256.0046386718750000	48565668860.3274841308593750	3614596166.5547723770141602
628.0 626186907924.9943847656250000	48876038746.3704071044921875	3640337824.5518903732299805
629.0 630266418298.9769287109375000	49187881305.6910629272460938	3666226792.2446022033691406
630.0 634365108965.3725585937500000	49501201149.2256622314453125	3692263696.6375083923339844
631.0 638483036590.0926513671875000	49816002895.0619888305664062	3718449166.4591341018676758
632.0 642620257917.5611572265625000	50132291168.4394226074218750	3744783832.1639065742492676
633.0 646776829770.7359619140625000	50450070601.7488555908203125	3771268325.9341926574707031
634.0 650952809051.1274414062500000	50769345834.5327987670898438	3797903281.6822633743286133
635.0 655148252738.8197021484375000	51090121513.4853363037109375	3824689335.0523209571838379
636.0 659363217892.4906005859375000	51412402292.4520797729492188	3851627123.4224686622619629
637.0 663597761649.4300537109375000	51736192832.4302444458007812	3878717285.9067378044128418
638.0 667851941225.5609130859375000	52061497801.5686187744140625	3905960463.3570628166198730
639.0 672125813915.4582519531250000	52388321875.1675262451171875	3933357298.3652734756469727
640.0 676419437092.3675537109375000	52716669735.6788940429687500	3960908435.2651071548461914
641.0 680732868208.2247314453125000	53046546072.7061996459960938	3988614520.1341729164123535
642.0 685066164793.6739501953125000	53377955583.0044937133789062	4016476200.7959685325622559
643.0 689419384458.0878906250000000	53710902970.4803924560546875	4044494126.8218493461608887
644.0 693792584889.5845947265625000	54045392946.1920700073242188	4072668949.5330338478088379
645.0 698185823855.0461425781250000	54381430228.3492889404296875	4101001322.0025682449340820
646.0 702599159200.1376953125000000	54719019542.3133468627929688	4129491899.0573258399963379
647.0 707032648849.3243408203125000	55058165620.5971527099609375	4158141337.2799973487854004
648.0 711486350805.8894042968750000	55398873202.8651580810546875	4186950295.0110588073730469
649.0 715960323151.9530029296875000	55741147035.9333496093750000	4215919432.3507547378540039
650.0 720454624048.4874267578125000	56084991873.7693405151367188	4245049411.1610937118530273
651.0 724969311735.3367919921875000	56430412477.4922561645507812	4274340895.0678076744079590
652.0 729504444531.2324218750000000	56777413615.3727951049804688	4303794549.4623460769653320
653.0 734060080833.8106689453125000	57126000062.8332443237304688	4333411041.5038366317749023
654.0 738636279119.6297607421875000	57476176602.4474563598632812	4363191040.1210727691650391
655.0 743233097944.1868896484375000	57827948023.9408264160156250	4393135216.0144796371459961
656.0 747850595941.9333496093750000	58181319124.1903152465820312	4423244241.6581010818481445
657.0 752488831826.2928466796875000	58536294707.2244491577148438	4453518791.3015470504760742
658.0 757147864389.6766357421875000	58892879584.2232971191406250	4483959540.9719905853271484
659.0 761827752503.4989013671875000	59251078573.5185317993164062	4514567168.4761095046997070
660.0 766528555118.1940917968750000	59610896500.5933761596679688	4545342353.4020757675170898
661.0 771250331263.2329101562500000	59972338198.0825653076171875	4576285777.1215200424194336
662.0 775993140047.1363525390625000	60335408505.7724533081054688	4607398122.7914810180664062
663.0 780757040657.4926757812500000	60700112270.6009445190429688	4638680075.3563795089721680
664.0 785542092360.9720458984375000	61066454346.6574859619140625	4670132321.5499897003173828
665.0 790348354503.3413085937500000	61434439595.1830825805664062	4701755549.8973817825317383
666.0 795175886509.4810791015625000	61804072884.5702972412109375	4733550450.7169036865234375
667.0 800024747883.3980712890625000	62175359090.3632659912109375	4765517716.1221160888671875
668.0 804894998208.2418212890625000	62548303095.2576904296875000	4797658040.0237693786621094
669.0 809786697146.3183593750000000	62922909789.1007843017578125	4829972118.1317586898803711
670.0 814699904439.1051025390625000	63299184068.8913803100585938	4862460647.9570569992065430
671.0 819634679907.2656250000000000	63677130838.7798080444335938	4895124328.8137006759643555
672.0 824591083450.6624755859375000	64056755010.0680084228515625	4927963861.8207216262817383
673.0 829569175048.3735351562500000	64438061501.2094268798828125	4960979949.9041051864624023
674.0 834569014758.7039794921875000	64821055237.8090820312500000	4994173297.7987346649169922
675.0 839590662719.2015380859375000	65205741152.6235885620117188	5027544612.0503511428833008
676.0 844634179146.6683349609375000	65592124185.5610580444335938	5061094601.0174961090087891
677.0 849699624337.1783447265625000	65980209283.6811599731445312	5094823974.8734426498413086
678.0 854787058666.0858154296875000	66370001401.1951446533203125	5128733445.6081781387329102
679.0 859896542588.0418701171875000	66761505499.4658355712890625	5162823727.0302991867065430
680.0 865028136637.0080566406250000	67154726547.0075225830078125	5197095534.7689876556396484
681.0 870181901426.2674560546875000	67549669519.4861221313476562	5231549586.2759599685668945
682.0 875357897648.4383544921875000	67946339399.7191009521484375	5266186600.8273696899414062
683.0 880556186075.4879150390625000	68344741177.6754226684570312	5301007299.5257787704467773
684.0 885776827558.7445068359375000	68744879850.4756622314453125	5336012405.3020801544189453
685.0 891019883028.9091796875000000	69146760422.3919219970703125	5371202642.9174442291259766
686.0 896285413496.0701904296875000	69550387904.8478240966796875	5406578738.9652366638183594
687.0 901573480049.7143554687500000	69955767316.4185638427734375	5442141421.8729743957519531
688.0 906884143858.7381591796875000	70362903682.8309173583984375	5477891421.9042444229125977
689.0 912217466171.4616699218750000	70771802036.9631195068359375	5513829471.1606445312500000
690.0 917573508315.6411132812500000	71182467418.8450775146484375	5549956303.5836868286132812
691.0 922952331698.4776611328125000	71594904875.6581268310546875	5586272654.9567728042602539
692.0 928353997806.6319580078125000	72009119461.7351989746093750	5622779262.9070758819580078
693.0 933778568206.2359619140625000	72425116238.5607910156250000	5659476866.9074974060058594
694.0 939226104542.9017333984375000	72842900274.7709197998046875	5696366208.2785778045654297
695.0 944696668541.7368164062500000	73262476646.1531524658203125	5733448030.1904277801513672
696.0 950190322007.3524169921875000	73683850435.6466064453125000	5770723077.6646413803100586
697.0 955707126823.8758544921875000	74107026733.3418884277343750	5808192097.5762224197387695
698.0 961247144954.9614257812500000	74532010636.4812622070312500	5845855838.6555194854736328
699.0 966810438443.8028564453125000	74958807249.4584503173828125	5883715051.4901218414306641
700.0 972397069413.1425781250000000	75387421683.8186950683593750	5921770488.5267724990844727
701.0 978007100065.2819824218750000	75817859058.2588348388671875	5960022904.0733270645141602
702.0 983640592682.0949707031250000	76250124498.6272735595703125	5998473054.3006172180175781
703.0 989297609625.0354003906250000	76684223137.9238739013671875	6037121697.2444000244140625
704.0 994978213335.1500244140625000	77120160116.3001251220703125	6075969592.8072490692138672
705.0 1000682466333.0876464843750000	77557940581.0589599609375000	6115017502.7604837417602539
706.0 1006410431219.1096191406250000	77997569686.6549072265625000	6154266190.7460718154907227
707.0 1012162170673.1003417968750000	78439052594.6940460205078125	6193716422.2785310745239258
708.0 1017937747454.5772705078125000	78882394473.9340057373046875	6233368964.7468414306640625
709.0 1023737224402.7015380859375000	79327600500.2838592529296875	6273224587.4163618087768555
710.0 1029560664436.2858886718750000	79774675856.8043212890625000	6313284061.4307231903076172
711.0 1035408130553.8079833984375000	80223625733.7076263427734375	6353548159.8137359619140625
712.0 1041279685833.4158935546875000	80674455328.3574371337890625	6394017657.4713001251220703
713.0 1047175393432.9417724609375000	81127169845.2691040039062500	6434693331.1932878494262695
714.0 1053095316589.9089355468750000	81581774496.1094512939453125	6475575959.6554641723632812
715.0 1059039518621.5419921875000000	82038274499.6967468261718750	6516666323.4213829040527344
716.0 1065008062924.7757568359375000	82496675082.0009765625000000	6557965204.9442615509033203
717.0 1071001012976.2668457031250000	82956981476.1434783935546875	6599473388.5689144134521484
718.0 1077018432332.3989257812500000	83419198922.3972473144531250	6641191660.5336275100708008
719.0 1083060384629.2952880859375000	83883332668.1867370605468750	6683120808.9720325469970703
720.0 1089126933582.8260498046875000	84349387968.0879669189453125	6725261623.9150581359863281
721.0 1095218142988.6186523437500000	84817370083.8284912109375000	6767614897.2927532196044922
722.0 1101334076722.0642089843750000	85287284284.2873840332031250	6810181422.9362249374389648
723.0 1107474798738.3291015625000000	85759135845.4952545166015625	6852961996.5795040130615234
724.0 1113640373072.3608398437500000	86232930050.6342163085937500	6895957415.8614616394042969
725.0 1119830863838.8999023437500000	86708672190.0379791259765625	6939168480.3276462554931641
726.0 1126046335232.4853515625000000	87186367561.1916809082031250	6982595991.4322099685668945
727.0 1132286851527.4645996093750000	87666021468.7320556640625000	7026240752.5397949218750000
728.0 1138552477078.0014648437500000	88147639224.4473419189453125	7070103568.9273853302001953
729.0 1144843276318.0859375000000000	88631226147.2773742675781250	7114185247.7862138748168945
730.0 1151159313761.5388183593750000	89116787563.3133850097656250	7158486598.2236309051513672
731.0 1157500654002.0239257812500000	89604328805.7982177734375000	7203008431.2649936676025391
732.0 1163867361713.0527343750000000	90093855215.1262207031250000	7247751559.8555335998535156
733.0 1170259501647.9956054687500000	90585372138.8433227539062500	7292716798.8622360229492188
734.0 1176677138640.0859375000000000	91078884931.6468505859375000	7337904965.0757322311401367
735.0 1183120337602.4316406250000000	91574398955.3857574462890625	7383316877.2121391296386719
736.0 1189589163528.0197753906250000	92071919579.0605010986328125	7428953355.9149684906005859
737.0 1196083681489.7270507812500000	92571452178.8230438232421875	7474815223.7569847106933594
738.0 1202603956640.3244628906250000	93073002137.9768676757812500	7520903305.2420568466186523
739.0 1209150054212.4885253906250000	93576574846.9770202636718750	7567218426.8070621490478516
740.0 1215722039518.8037109375000000	94082175703.4299926757812500	7613761416.8237237930297852
741.0 1222319977951.7741699218750000	94589810112.0939025878906250	7660533105.6005201339721680
742.0 1228943934983.8295898437500000	95099483484.8782653808593750	7707534325.3844871520996094
743.0 1235593976167.3320312500000000	95611201240.8442230224609375	7754765910.3631477355957031
744.0 1242270167134.5830078125000000	96124968806.2043151855468750	7802228696.6663217544555664
745.0 1248972573597.8310546875000000	96640791614.3227844238281250	7849923522.3680191040039062
746.0 1255701261349.2790527343750000	97158675105.7152252197265625	7897851227.4883146286010742
747.0 1262456296261.0898437500000000	97678624728.0487823486328125	7946012653.9951629638671875
748.0 1269237744285.3955078125000000	98200645936.1421966552734375	7994408645.8062896728515625
749.0 1276045671454.3002929687500000	98724744191.9656219482421875	8043040048.7910394668579102
750.0 1282880143879.8923339843750000	99250924964.6408233642578125	8091907710.7722311019897461
751.0 1289741227754.2453613281250000	99779193730.4410552978515625	8141012481.5280284881591797
752.0 1296628989349.4294433593750000	100309555972.7909851074218750	8190355212.7937526702880859
753.0 1303543495017.5144042968750000	100842017182.2669372558593750	8239936758.2637958526611328
754.0 1310484811190.5788574218750000	101376582856.5966796875000000	8289757973.5934076309204102
755.0 1317453004380.7153320312500000	101913258500.6595153808593750	8339819716.4005928039550781
756.0 1324448141180.0351562500000000	102452049626.4862213134765625	8390122846.2679433822631836
757.0 1331470288260.6787109375000000	102992961753.2591400146484375	8440668224.7444820404052734
758.0 1338519512374.8168945312500000	103536000407.3121032714843750	8491456715.3475093841552734
759.0 1345595880354.6625976562500000	104081171122.1304626464843750	8542489183.5644636154174805
760.0 1352699459112.4697265625000000	104628479438.3510437011718750	8593766496.8547515869140625
761.0 1359830315640.5493164062500000	105177930903.7621917724609375	8645289524.6515750885009766
762.0 1366988517011.2631835937500000	105729531073.3038635253906250	8697059138.3638191223144531
763.0 1374174130377.0412597656250000	106283285509.0673980712890625	8749076211.3778457641601562
764.0 1381387222970.3806152343750000	106839199780.2956848144531250	8801341619.0593566894531250
765.0 1388627862103.8532714843750000	107397279463.3831024169921875	8853856238.7552204132080078
766.0 1395896115170.1120605468750000	107957530141.8755950927734375	8906620949.7953186035156250
767.0 1403192049641.8967285156250000	108519957406.4706115722656250	8959636633.4943923950195312
768.0 1410515733072.0373535156250000	109084566855.0169982910156250	9012904173.1538410186767578
769.0 1417867233093.4641113281250000	109651364092.5152435302734375	9066424454.0635814666748047
770.0 1425246617419.2094726562500000	110220354731.1172943115234375	9120198363.5038814544677734
771.0 1432653953842.4133300781250000	110791544390.1265411376953125	9174226790.7471694946289062
772.0 1440089310236.3300781250000000	111364938695.9980010986328125	9228510627.0599117279052734
773.0 1447552754554.3361816406250000	111940543282.3380737304687500	9283050765.7043590545654297
774.0 1455044354829.9291992187500000	112518363789.9047546386718750	9337848101.9404582977294922
775.0 1462564179176.7387695312500000	113098405866.6074523925781250	9392903533.0276355743408203
776.0 1470112295788.5305175781250000	113680675167.5072174072265625	9448217958.2266197204589844
777.0 1477688772939.2092285156250000	114265177354.8164367675781250	9503792278.8012752532958984
778.0 1485293678982.8254394531250000	114851918097.8991699218750000	9559627398.0204391479492188
779.0 1492927082353.5803222656250000	115440903073.2707977294921875	9615724221.1596965789794922
780.0 1500589051565.8312988281250000	116032137964.5983886718750000	9672083655.5032596588134766
781.0 1508279655214.0966796875000000	116625628462.7003631591796875	9728706610.3457374572753906
782.0 1515998961973.0603027343750000	117221380265.5466766357421875	9785593996.9939842224121094
783.0 1523747040597.5751953125000000	117819399078.2588500976562500	9842746728.7688941955566406
784.0 1531523959922.6711425781250000	118419690613.1098785400390625	9900165721.0072441101074219
785.0 1539329788863.5585937500000000	119022260589.5241699218750000	9957851891.0634727478027344
786.0 1547164596415.6296386718750000	119627114734.0777587890625000	10015806158.3115253448486328
787.0 1555028451654.4689941406250000	120234258780.4980926513671875	10074029444.1466293334960938
788.0 1562921423735.8554687500000000	120843698469.6641693115234375	10132522671.9871635437011719
789.0 1570843581895.7651367187500000	121455439549.6063995361328125	10191286767.2763900756835938
790.0 1578794995450.3769531250000000	122069487775.5068054199218750	10250322657.4843406677246094
791.0 1586775733796.0808105468750000	122685848909.6988830566406250	10309631272.1095523834228516
792.0 1594785866409.4746093750000000	123304528721.6674957275390625	10369213542.6809234619140625
793.0 1602825462847.3762207031250000	123925532988.0491943359375000	10429070402.7595005035400391
794.0 1610894592746.8229980468750000	124548867492.6318206787109375	10489202787.9402866363525391
795.0 1618993325825.0766601562500000	125174538026.3548889160156250	10549611635.8540172576904297
796.0 1627121731879.6333007812500000	125802550387.3093719482421875	10610297886.1690120697021484
797.0 1635279880788.2158203125000000	126432910380.7376251220703125	10671262480.5929393768310547
798.0 1643467842508.7915039062500000	127065623819.0336151123046875	10732506362.8745956420898438
799.0 1651685687079.5656738281250000	127700696521.7427673339843750	10794030478.8057556152343750
800.0 1659933484618.9919433593750000	128338134315.5619354248046875	10855835776.2229290008544922
801.0 1668211305325.7753906250000000	128977943034.3396148681640625	10917923205.0091857910156250
802.0 1676519219478.8728027343750000	129620128519.0756530761718750	10980293717.0959053039550781
803.0 1684857297437.5009765625000000	130264696617.9214172363281250	11042948266.4646053314208984
804.0 1693225609641.1396484375000000	130911653186.1798095703125000	11105887809.1487331390380859
805.0 1701624226609.5332031250000000	131561004086.3052368164062500	11169113303.2354354858398438
806.0 1710053218942.6999511718750000	132212755187.9034729003906250	11232625708.8673744201660156
807.0 1718512657320.9262695312500000	132866912367.7319183349609375	11296425988.2444705963134766
808.0 1727002612504.7824707031250000	133523481509.6994171142578125	11360515105.6257514953613281
809.0 1735523155335.1166992187500000	134182468504.8662414550781250	11424894027.3310890197753906
810.0 1744074356733.0627441406250000	134843879251.4442901611328125	11489563721.7429943084716797
811.0 1752656287700.0449218750000000	135507719654.7967987060546875	11554525159.3084239959716797
812.0 1761269019317.7800292968750000	136173995627.4385681152343750	11619779312.5405197143554688
813.0 1769912622748.2807617187500000	136842713089.0358734130859375	11685327156.0204391479492188
814.0 1778587169233.8588867187500000	137513877966.4064941406250000	11751169666.3990898132324219
815.0 1787292730097.1306152343750000	138187496193.5196838378906250	11817307822.3989677429199219
816.0 1796029376741.0192871093750000	138863573711.4961547851562500	11883742604.8158283233642578
817.0 1804797180648.7561035156250000	139542116468.6081237792968750	11950474996.5205841064453125
818.0 1813596213383.8916015625000000	140223130420.2792663574218750	12017505982.4610271453857422
819.0 1822426546590.2878417968750000	140906621529.0848693847656250	12084836549.6635646820068359
820.0 1831288251992.1293945312500000	141592595764.7515869140625000	12152467687.2350597381591797
821.0 1840181401393.9267578125000000	142281059104.1574707031250000	12220400386.3645534515380859
